Time evolution of global annual mean tropospheric OH expressed as a percentage anomaly relative 
to the 1998–2007 mean, computed by Earth System Models (ESMs) that participated in the CMIP6.
The values were taken from Figure 2a of Stevenson et al. (2020), except for 1650 and 2015.5, which were extrapolated from the values of their adjacent years.

Reference:
Stevenson, D. S., Zhao, A., Naik, V., O'Connor, F. M., Tilmes, S., Zeng, G., et al. (2020). Trends in global
tropospheric hydroxyl radical and methane lifetime since 1850 from AerChemMIP. Atmospheric Chemistry
and Physics, 20(21), 12905-12920. doi:10.5194/acp-20-12905-2020

fyr	OH anomaly (%)
---------------------
1650 -5.53112
1850 -5.53112
1851 -5.63463249328952
1852 -5.9966244316352
1853 -5.00284530734399
1854 -5.19915088433329
1855 -5.44479245591525
1856 -5.37483246336321
1857 -5.20752351531307
1858 -5.4043299704816
1859 -5.82290041270387
1860 -5.15237867427417
1861 -5.47265011913593
1862 -6.59427498938005
1863 -6.43168832630257
1864 -6.4520942303259
1865 -6.87173300469048
1866 -6.61969256849432
1867 -6.31800004344178
1868 -6.25214958620592
1869 -6.41790593699445
1870 -6.80821813628609
1871 -6.79686576503662
1872 -7.08673729810493
1873 -6.88793282732255
1874 -6.91437126981947
1875 -6.42867479941771
1876 -5.96041633420917
1877 -6.04293515434134
1878 -6.86146744918201
1879 -6.49947221706608
1880 -6.43312256434121
1881 -6.68730274713043
1882 -7.33262959545777
1883 -8.659816535046
1884 -9.15555470772191
1885 -7.94666128185144
1886 -7.63422367130172
1887 -7.19173378281717
1888 -7.15982653459973
1889 -7.2981403228634
1890 -7.46234935984183
1891 -7.06274475407802
1892 -7.29018612025748
1893 -7.45648066270826
1894 -7.81868096616013
1895 -7.62673006798035
1896 -7.50627617243351
1897 -7.55565798817861
1898 -7.62805677109872
1899 -7.66673102727884
1900 -7.47516198331244
1901 -6.98387884014848
1902 -8.04465530059406
1903 -8.55216119115237
1904 -8.48379315803906
1905 -8.43703748927791
1906 -8.38112235528807
1907 -8.1785290516953
1908 -8.09913912136105
1909 -8.09038982365038
1910 -8.24724138651115
1911 -8.41912077418976
1912 -8.55756634522
1913 -8.64398039624348
1914 -7.98092941421697
1915 -7.44709723890965
1916 -8.30515562683125
1917 -8.00530929578981
1918 -7.82757045446549
1919 -7.87682696923216
1920 -8.29889645288816
1921 -8.33396565726527
1922 -7.56635752354378
1923 -7.67409019365797
1924 -7.79010188058863
1925 -7.28492685901025
1926 -6.75964641717167
1927 -6.9734875069759
1928 -7.97180702885826
1929 -7.91677452783006
1930 -7.59799102409192
1931 -7.72096546737463
1932 -7.49206349133637
1933 -7.39117850648204
1934 -7.73061269848799
1935 -8.54829374237142
1936 -7.12209342400999
1937 -7.66077604504889
1938 -8.38232671118639
1939 -7.95651130807224
1940 -7.60689522085505
1941 -7.36749703822432
1942 -7.78930941849069
1943 -7.2685398329829
1944 -6.85616534998985
1945 -6.50633608979095
1946 -6.79957085194084
1947 -6.75602308233795
1948 -6.91624367389336
1949 -7.29482856468287
1950 -6.70598853949329
1951 -6.49525805960947
1952 -5.81704372275632
1953 -5.95646803173192
1954 -6.15486141114683
1955 -6.0180902832453
1956 -6.09895873165301
1957 -5.77101781200092
1958 -6.00768290404997
1959 -5.65229235772178
1960 -5.52585082290581
1961 -6.03471292236298
1962 -6.34418892467187
1963 -6.40883144872728
1964 -5.96979970692068
1965 -5.58263457922196
1966 -5.7911751468737
1967 -6.22995349100506
1968 -6.34287873589211
1969 -6.32694542912292
1970 -5.88328163367607
1971 -6.30639132571779
1972 -5.92876503594117
1973 -5.38692267565649
1974 -5.51147921841264
1975 -5.67386243114395
1976 -5.86833207401259
1977 -5.80842704857715
1978 -5.53370058648577
1979 -5.83453685740859
1980 -5.98632373248312
1981 -6.51359387328739
1982 -7.37046550097114
1983 -6.641208567551
1984 -6.49271931993836
1985 -6.26656166373763
1986 -5.50314668818141
1987 -4.65890500430091
1988 -5.07418682457677
1989 -5.34854329915328
1990 -4.5854072310037
1991 -4.75652522962745
1992 -4.30791395654345
1993 -3.68677468215229
1994 -1.91585040304911
1995 -1.866644711418
1996 -1.92525379546364
1997 -2.66197720506689
1998 -1.51428161080493
1999 0.312051347331974
2000 0.163801959479832
2001 0.249365240320957
2002 0.461614401107359
2003 0.601235127125181
2004 1.79975347876731
2005 2.44298074800765
2006 2.70391059658293
2007 3.64798418486281
2008 4.11959649164991
2009 3.86931701877362
2010 3.34493949164108
2011 2.41092618647899
2012 1.64885531595694
2013 3.26915719096975
2014 5.02369124025061
2015.5 5.02369124025061
