The global sectorial anthropogenic CH4 emissions for 1850–2014 (decadal until 1970 and yearly afterwards) were adopted from Community Emissions Data System (CEDS) (Hoesly et al. (2018); prepared for Coupled Model Intercomparison Project Phase 6 (CMIP6), v2017-05-18). The a priori anthropogenic CH4 emissions in 1750 were specified from Lassey et al. (2007a) for each source category and the CH4 emissions for CEDS in 2015 were specified by Gidden et al. (2019).

Reference:
Hoesly, R. M., Smith, S. J., Feng, L., Klimont, Z., Janssens-Maenhout, G., Pitkanen, T., et al. (2018). Historical (1750–2014) anthropogenic emissions of reactive gases and aerosols from the Community Emissions Data System (CEDS). Geoscientific Model Development, 11(1), 369-408. doi:10.5194/gmd-11-369-2018

Lassey, K. R., Etheridge, D. M., Lowe, D. C., Smith, A. M., & Ferretti, D. F. (2007a). Centennial evolution of the atmospheric methane budget: what do the carbon isotopes tell us? Atmospheric Chemistry and Physics, 7(8), 2119-2139. doi:10.5194/acp-7-2119-2007

Gidden, M. J., Riahi, K., Smith, S. J., Fujimori, S., Luderer, G., Kriegler, E., et al. (2019). Global emissions pathways under different socioeconomic scenarios for use in CMIP6: a dataset of harmonized emissions trajectories through the end of the century. Geoscientific Model Development, 12(4), 1443-1475. doi:10.5194/gmd-12-1443-2019
------------------------------
yr	rumi	rice	agr	wast	gas	coal	energy	rco	otherff
1700	5.00 	10.00 	15.00 	5.00 	0.00 	0.00 	0.00 	0.00 	0.00 
1750.5	5.00 	10.00 	15.00 	5.00 	0.00 	0.00 	0.00 	0.00 	0.00 
1850.5	14.50 	3.36 	17.86 	8.85 	1.35 	0.64 	1.99 	2.60 	0.01 
1860.5	17.32 	4.01 	21.33 	9.40 	1.49 	0.71 	2.20 	2.72 	0.02 
1870.5	22.55 	5.22 	27.77 	10.02 	2.87 	1.36 	4.23 	3.04 	0.04 
1880.5	27.79 	6.43 	34.22 	11.04 	4.26 	2.02 	6.27 	3.36 	0.06 
1890.5	33.18 	7.68 	40.87 	12.24 	5.68 	2.69 	8.37 	3.69 	0.08 
1900.5	37.03 	8.58 	45.61 	13.50 	8.60 	4.07 	12.67 	4.13 	0.11 
1910.5	38.06 	8.81 	46.87 	15.02 	13.04 	6.17 	19.21 	4.74 	0.15 
1920.5	45.11 	10.44 	55.55 	16.18 	13.82 	6.54 	20.36 	5.17 	0.17 
1930.5	48.70 	11.28 	59.97 	17.86 	16.20 	7.67 	23.86 	5.74 	0.19 
1940.5	50.70 	11.74 	62.43 	19.54 	20.59 	9.75 	30.35 	6.34 	0.24 
1950.5	60.10 	13.92 	74.01 	21.57 	25.22 	11.94 	37.16 	6.98 	0.31 
1960.5	74.75 	17.31 	92.06 	25.32 	40.33 	19.10 	59.43 	8.96 	0.60 
1970.5	82.43 	19.09 	101.51 	29.84 	61.30 	29.03 	90.33 	10.52 	1.06 
1971.5	83.19 	20.25 	103.43 	30.33 	64.34 	27.85 	92.20 	10.63 	1.12 
1972.5	84.57 	19.91 	104.48 	31.12 	66.31 	27.94 	94.25 	10.73 	1.17 
1973.5	85.58 	20.60 	106.18 	31.93 	70.53 	28.00 	98.52 	10.81 	1.22 
1974.5	87.54 	20.75 	108.29 	32.77 	69.59 	27.61 	97.21 	10.86 	1.20 
1975.5	88.86 	21.38 	110.24 	33.51 	67.17 	28.91 	96.08 	11.06 	1.22 
1976.5	89.47 	21.32 	110.80 	34.45 	71.34 	28.96 	100.30 	11.19 	1.25 
1977.5	89.88 	21.52 	111.40 	35.37 	73.34 	29.28 	102.61 	11.32 	1.28 
1978.5	90.12 	21.60 	111.72 	36.32 	73.96 	29.76 	103.71 	11.46 	1.31 
1979.5	90.75 	21.27 	112.02 	37.23 	76.44 	30.99 	107.43 	11.62 	1.36 
1980.5	91.94 	21.72 	113.66 	38.22 	75.46 	31.01 	106.47 	11.70 	1.32 
1981.5	92.72 	21.85 	114.56 	39.08 	71.27 	30.29 	101.56 	11.76 	1.30 
1982.5	93.66 	21.31 	114.97 	40.01 	70.53 	30.90 	101.43 	11.89 	1.27 
1983.5	94.17 	21.33 	115.50 	41.03 	70.50 	30.57 	101.07 	11.93 	1.27 
1984.5	94.77 	21.63 	116.41 	42.04 	70.17 	31.37 	101.54 	12.04 	1.34 
1985.5	95.17 	21.56 	116.73 	43.13 	68.63 	31.75 	100.38 	12.23 	1.34 
1986.5	95.95 	21.57 	117.52 	44.13 	70.78 	32.68 	103.46 	12.29 	1.36 
1987.5	96.00 	21.16 	117.16 	45.19 	71.38 	33.26 	104.64 	12.39 	1.41 
1988.5	96.51 	21.87 	118.38 	46.37 	73.60 	33.99 	107.59 	12.53 	1.45 
1989.5	97.77 	22.30 	120.07 	47.54 	74.27 	34.88 	109.15 	12.59 	1.44 
1990.5	98.32 	22.09 	120.41 	48.80 	74.78 	34.39 	109.18 	12.58 	1.44 
1991.5	98.24 	22.04 	120.28 	49.91 	73.62 	33.45 	107.07 	12.64 	1.40 
1992.5	97.62 	22.12 	119.74 	50.71 	70.82 	32.88 	103.70 	12.56 	1.41 
1993.5	96.13 	22.01 	118.13 	51.55 	70.42 	32.55 	102.97 	12.63 	1.38 
1994.5	96.68 	21.98 	118.66 	52.31 	70.66 	32.27 	102.93 	12.06 	1.43 
1995.5	96.78 	22.55 	119.33 	53.20 	72.65 	33.09 	105.75 	12.25 	1.45 
1996.5	96.07 	22.80 	118.87 	54.06 	75.06 	33.15 	108.21 	12.36 	1.44 
1997.5	95.64 	22.81 	118.45 	54.56 	76.04 	33.15 	109.19 	11.88 	1.44 
1998.5	95.56 	22.81 	118.37 	55.02 	77.09 	32.45 	109.53 	11.14 	1.41 
1999.5	95.80 	23.62 	119.42 	55.65 	75.93 	32.06 	107.99 	11.18 	1.39 
2000.5	96.08 	23.28 	119.36 	56.53 	78.21 	32.45 	110.66 	10.98 	1.38 
2001.5	96.94 	22.82 	119.76 	57.31 	79.16 	33.03 	112.19 	10.96 	1.35 
2002.5	97.87 	22.45 	120.32 	58.36 	79.33 	34.09 	113.42 	10.72 	1.34 
2003.5	99.66 	22.31 	121.97 	59.45 	81.67 	37.44 	119.11 	10.87 	1.37 
2004.5	100.96 	22.69 	123.65 	60.27 	85.85 	41.22 	127.07 	10.99 	1.41 
2005.5	102.56 	23.31 	125.87 	61.19 	86.85 	44.60 	131.45 	11.12 	1.43 
2006.5	103.75 	23.40 	127.14 	62.04 	88.18 	46.86 	135.05 	11.17 	1.43 
2007.5	105.26 	23.40 	128.66 	62.68 	88.54 	48.64 	137.18 	11.24 	1.46 
2008.5	105.82 	24.00 	129.82 	63.09 	90.86 	51.90 	142.76 	11.79 	1.44 
2009.5	106.57 	24.34 	130.91 	63.45 	89.62 	52.67 	142.29 	11.94 	1.41 
2010.5	107.50 	24.64 	132.14 	63.38 	91.24 	56.75 	147.99 	12.05 	1.45 
2011.5	108.47 	24.91 	133.38 	63.84 	89.36 	60.51 	149.87 	12.03 	1.44 
2012.5	109.77 	25.19 	134.96 	64.16 	90.39 	63.50 	153.88 	12.06 	1.45 
2013.5	110.83 	25.47 	136.30 	64.90 	89.66 	65.28 	154.94 	12.15 	1.48 
2014.5	111.99 	25.74 	137.72 	65.71 	89.56 	64.65 	154.21 	12.09 	1.48 
2015.5	113.39 	26.06 	139.45 	66.36 	89.76 	64.95 	154.71 	12.03 	1.48 